0 0 0.2389 0.2350 0.2569 0.2692 
0 1 0.2421 0.2324 0.2571 0.2685 
0 2 0.2434 0.2316 0.2546 0.2704 
0 3 0.2469 0.2254 0.2522 0.2755 
0 4 0.2418 0.2301 0.2596 0.2684 
0 5 0.2243 0.2436 0.2730 0.2591 
0 6 0.2201 0.2455 0.2754 0.2591 
0 7 0.2224 0.2424 0.2762 0.2589 
0 8 0.2279 0.2320 0.2748 0.2653 
0 9 0.2338 0.2292 0.2651 0.2720 
0 10 0.2375 0.2348 0.2562 0.2715 
0 11 0.2271 0.2516 0.2659 0.2554 
0 12 0.2242 0.2471 0.2783 0.2504 
0 13 0.2236 0.2401 0.2778 0.2586 
0 14 0.2366 0.2384 0.2623 0.2627 
0 15 0.2354 0.2359 0.2642 0.2644 
0 16 0.2338 0.2351 0.2648 0.2662 
0 17 0.2326 0.2416 0.2646 0.2612 
0 18 0.2298 0.2418 0.2690 0.2595 
0 19 0.2100 0.2542 0.2806 0.2551 
0 20 0.2030 0.2630 0.2753 0.2587 
0 21 0.1971 0.2654 0.2699 0.2676 
0 22 0.1993 0.2558 0.2811 0.2638 
0 23 0.2152 0.2414 0.2815 0.2619 
0 24 0.2142 0.2414 0.2774 0.2670 
0 25 0.2104 0.2461 0.2688 0.2746 
0 26 0.2273 0.2424 0.2623 0.2680 
0 27 0.2305 0.2393 0.2635 0.2668 
0 28 0.2267 0.2405 0.2707 0.2620 
0 29 0.2131 0.2504 0.2790 0.2575 
0 30 0.2322 0.2347 0.2608 0.2723 
0 31 0.2398 0.2289 0.2570 0.2744 
0 32 0.2311 0.2364 0.2670 0.2655 
0 33 0.2260 0.2412 0.2695 0.2634 
0 34 0.2296 0.2376 0.2659 0.2668 
0 35 0.2324 0.2372 0.2636 0.2669 
0 36 0.2269 0.2394 0.2693 0.2644 
0 37 0.2352 0.2391 0.2600 0.2657 
0 38 0.2355 0.2413 0.2563 0.2670 
0 39 0.2312 0.2452 0.2658 0.2577 
0 40 0.2278 0.2453 0.2730 0.2539 
0 41 0.2294 0.2313 0.2742 0.2650 
0 42 0.2338 0.2287 0.2702 0.2673 
0 43 0.2346 0.2312 0.2610 0.2731 
0 44 0.2177 0.2445 0.2791 0.2587 
0 45 0.2371 0.2454 0.2518 0.2657 
0 46 0.2388 0.2406 0.2526 0.2680 
0 47 0.2275 0.2373 0.2669 0.2683 
0 48 0.2196 0.2415 0.2712 0.2678 
0 49 0.2164 0.2501 0.2755 0.2580 
0 50 0.2208 0.2490 0.2741 0.2561 
0 51 0.2274 0.2425 0.2693 0.2609 
0 52 0.2310 0.2391 0.2650 0.2649 
0 53 0.2276 0.2422 0.2644 0.2657 
0 54 0.2303 0.2391 0.2631 0.2674 
0 55 0.2342 0.2388 0.2657 0.2613 
0 56 0.2306 0.2352 0.2660 0.2682 
0 57 0.2268 0.2364 0.2647 0.2722 
0 58 0.2294 0.2340 0.2683 0.2683 
0 59 0.2258 0.2410 0.2683 0.2649 
0 60 0.2300 0.2446 0.2807 0.2447 
0 61 0.2346 0.2502 0.2816 0.2336 
0 62 0.2336 0.2613 0.2721 0.2330 
0 63 0.2352 0.2555 0.2650 0.2443 
0 64 0.2440 0.2370 0.2434 0.2757 
0 65 0.2343 0.2553 0.2589 0.2515 
0 66 0.2231 0.2764 0.2756 0.2249 
0 67 0.2254 0.2662 0.2800 0.2283 
0 68 0.2147 0.2655 0.2863 0.2334 
0 69 0.2281 0.2621 0.2686 0.2412 
0 70 0.2380 0.2551 0.2610 0.2460 
0 71 0.2414 0.2503 0.2605 0.2478 
0 72 0.2393 0.2454 0.2660 0.2493 
0 73 0.2347 0.2422 0.2718 0.2512 
0 74 0.2150 0.2626 0.2672 0.2553 
0 75 0.2243 0.2662 0.2608 0.2486 
0 76 0.2356 0.2612 0.2587 0.2445 
0 77 0.2441 0.2438 0.2695 0.2426 
0 78 0.2386 0.2474 0.2652 0.2488 
0 79 0.2387 0.2481 0.2696 0.2436 
0 80 0.2382 0.2460 0.2763 0.2395 
0 81 0.2197 0.2521 0.2734 0.2548 
0 82 0.2193 0.2533 0.2661 0.2613 
0 83 0.2291 0.2516 0.2641 0.2553 
0 84 0.2405 0.2516 0.2527 0.2552 
0 85 0.2369 0.2599 0.2536 0.2496 
0 86 0.2345 0.2584 0.2616 0.2454 
0 87 0.2329 0.2598 0.2609 0.2464 
0 88 0.2333 0.2585 0.2573 0.2509 
0 89 0.2303 0.2447 0.2616 0.2635 
0 90 0.2303 0.2451 0.2653 0.2592 
0 91 0.2411 0.2569 0.2540 0.2479 
0 92 0.2474 0.2606 0.2485 0.2435 
0 93 0.2375 0.2578 0.2594 0.2453 
0 94 0.2321 0.2540 0.2624 0.2515 
0 95 0.2315 0.2462 0.2637 0.2585 
0 96 0.2291 0.2361 0.2661 0.2687 
0 97 0.2304 0.2366 0.2640 0.2690 
0 98 0.2341 0.2344 0.2588 0.2727 
0 99 0.2433 0.2205 0.2528 0.2835 
0 100 0.2425 0.2201 0.2556 0.2817 
0 101 0.2392 0.2235 0.2621 0.2751 
0 102 0.2123 0.2468 0.2843 0.2566 
0 103 0.2179 0.2439 0.2792 0.2590 
0 104 0.2259 0.2387 0.2714 0.2641 
0 105 0.2282 0.2360 0.2678 0.2680 
0 106 0.2365 0.2440 0.2600 0.2595 
0 107 0.2342 0.2441 0.2575 0.2642 
0 108 0.2406 0.2341 0.2553 0.2700 
0 109 0.2225 0.2437 0.2719 0.2620 
0 110 0.2263 0.2421 0.2783 0.2533 
0 111 0.2215 0.2510 0.2837 0.2438 
0 112 0.2117 0.2609 0.2728 0.2546 
0 113 0.2271 0.2427 0.2600 0.2702 
0 114 0.2386 0.2377 0.2551 0.2685 
0 115 0.2388 0.2381 0.2606 0.2625 
0 116 0.2141 0.2297 0.2856 0.2705 
0 117 0.2275 0.2246 0.2684 0.2795 
0 118 0.2359 0.2250 0.2635 0.2756 
0 119 0.2262 0.2300 0.2747 0.2690 
0 120 0.2164 0.2369 0.2781 0.2687 
0 121 0.2160 0.2487 0.2752 0.2601 
0 122 0.2169 0.2485 0.2739 0.2606 
0 123 0.2227 0.2386 0.2776 0.2611 
0 124 0.2337 0.2202 0.2758 0.2703 
0 125 0.2404 0.2125 0.2656 0.2816 
0 126 0.2258 0.2390 0.2701 0.2652 
0 127 0.2289 0.2407 0.2657 0.2647 
0 128 0.2351 0.2387 0.2588 0.2673 
0 129 0.2393 0.2353 0.2566 0.2688 
0 130 0.2279 0.2460 0.2632 0.2629 
0 131 0.2315 0.2437 0.2598 0.2649 
0 132 0.2256 0.2427 0.2642 0.2675 
0 133 0.2319 0.2401 0.2602 0.2678 
0 134 0.2447 0.2307 0.2581 0.2665 
0 135 0.2338 0.2364 0.2683 0.2615 
0 136 0.2284 0.2472 0.2760 0.2484 
0 137 0.2252 0.2486 0.2764 0.2498 
0 138 0.2220 0.2423 0.2776 0.2581 
0 139 0.2225 0.2445 0.2816 0.2515 
0 140 0.2157 0.2470 0.2925 0.2448 
0 141 0.2175 0.2421 0.2861 0.2543 
0 142 0.2180 0.2397 0.2760 0.2663 
0 143 0.2145 0.2458 0.2692 0.2705 
0 144 0.2181 0.2560 0.2773 0.2486 
0 145 0.2171 0.2531 0.2855 0.2443 
0 146 0.2241 0.2396 0.2889 0.2473 
0 147 0.2244 0.2326 0.2814 0.2615 
0 148 0.2239 0.2388 0.2770 0.2602 
0 149 0.2280 0.2445 0.2754 0.2521 
0 150 0.2373 0.2178 0.2676 0.2772 
0 151 0.2210 0.2393 0.2840 0.2557 
0 152 0.2229 0.2356 0.2829 0.2586 
0 153 0.2161 0.2412 0.2732 0.2695 
0 154 0.2133 0.2467 0.2667 0.2733 
0 155 0.2289 0.2523 0.2713 0.2475 
0 156 0.2272 0.2532 0.2730 0.2466 
0 157 0.2422 0.2323 0.2676 0.2580 
0 158 0.2419 0.2307 0.2666 0.2609 
0 159 0.2264 0.2467 0.2753 0.2516 
0 160 0.2278 0.2436 0.2757 0.2529 
0 161 0.2258 0.2570 0.2613 0.2560 
0 162 0.2198 0.2499 0.2742 0.2561 
0 163 0.2189 0.2502 0.2813 0.2496 
0 164 0.2194 0.2533 0.2848 0.2425 
0 165 0.2144 0.2527 0.2888 0.2441 
0 166 0.2168 0.2531 0.2835 0.2466 
0 167 0.2189 0.2504 0.2809 0.2498 
0 168 0.2203 0.2517 0.2752 0.2529 
0 169 0.2220 0.2484 0.2728 0.2568 
0 170 0.2216 0.2571 0.2802 0.2412 
0 171 0.2192 0.2591 0.2786 0.2431 
0 172 0.2144 0.2475 0.2773 0.2608 
0 173 0.2190 0.2376 0.2819 0.2615 
0 174 0.2183 0.2420 0.2858 0.2540 
0 175 0.2170 0.2774 0.2658 0.2398 
0 176 0.2174 0.2739 0.2633 0.2454 
0 177 0.2165 0.2437 0.2784 0.2613 
0 178 0.2182 0.2438 0.2740 0.2640 
0 179 0.2308 0.2378 0.2807 0.2507 
0 180 0.2316 0.2390 0.2842 0.2452 
0 181 0.2313 0.2452 0.2771 0.2464 
0 182 0.2275 0.2489 0.2790 0.2446 
0 183 0.2130 0.2551 0.2848 0.2471 
0 184 0.2146 0.2618 0.2824 0.2411 
0 185 0.2210 0.2430 0.2786 0.2574 
0 186 0.2268 0.2347 0.2711 0.2673 
0 187 0.2328 0.2376 0.2679 0.2618 
0 188 0.2224 0.2484 0.2753 0.2539 
0 189 0.2283 0.2513 0.2656 0.2547 
0 190 0.2325 0.2472 0.2602 0.2601 
0 191 0.2164 0.2506 0.2792 0.2539 
0 192 0.2146 0.2534 0.2864 0.2456 
0 193 0.2141 0.2565 0.2895 0.2398 
0 194 0.2177 0.2458 0.2909 0.2456 
0 195 0.2239 0.2387 0.2802 0.2572 
0 196 0.2243 0.2476 0.2668 0.2613 
0 197 0.2156 0.2493 0.2712 0.2639 
0 198 0.2127 0.2549 0.2851 0.2473 
0 199 0.2186 0.2497 0.2888 0.2430 
0 200 0.2314 0.2362 0.2757 0.2568 
0 201 0.2319 0.2350 0.2680 0.2652 
0 202 0.2233 0.2422 0.2678 0.2668 
0 203 0.2301 0.2355 0.2741 0.2603 
0 204 0.2335 0.2357 0.2730 0.2578 
0 205 0.2216 0.2338 0.2790 0.2656 
0 206 0.2185 0.2371 0.2717 0.2726 
0 207 0.2184 0.2377 0.2727 0.2712 
0 208 0.2206 0.2394 0.2753 0.2647 
0 209 0.2219 0.2425 0.2732 0.2624 
0 210 0.2128 0.2486 0.2779 0.2608 
0 211 0.2173 0.2435 0.2767 0.2625 
0 212 0.2289 0.2361 0.2625 0.2724 
0 213 0.2386 0.2330 0.2505 0.2779 
0 214 0.2264 0.2408 0.2780 0.2548 
0 215 0.2198 0.2441 0.2860 0.2501 
0 216 0.2275 0.2386 0.2722 0.2617 
0 217 0.2319 0.2357 0.2645 0.2678 
0 218 0.2234 0.2418 0.2786 0.2562 
0 219 0.2369 0.2541 0.2395 0.2695 
0 220 0.2348 0.2557 0.2423 0.2671 
0 221 0.2250 0.2385 0.2579 0.2785 
0 222 0.2232 0.2389 0.2523 0.2856 
0 223 0.2121 0.2445 0.2695 0.2739 
0 224 0.2140 0.2344 0.2800 0.2716 
0 225 0.2239 0.2360 0.2710 0.2691 
